HAI_WGS_ID	2024BM-00184	2024BM-00193	2025HL-01489	2025HL-01509	2025HL-00126	2024BM-00010	2023GS-00061
2024BM-00184	0	2	13	9	9	12	15
2024BM-00193	2	0	13	9	9	12	15
2025HL-01489	13	13	0	18	18	21	24
2025HL-01509	9	9	18	0	14	17	20
2025HL-00126	9	9	18	14	0	15	18
2024BM-00010	12	12	21	17	15	0	5
2023GS-00061	15	15	24	20	18	5	0
