HAI_WGS_ID	2025HL-00022	2024HL-01277	2025HL-01501	2024HL-00758	2024HL-00755	2025HL-00012	2025HL-00125	2024HL-00697
2025HL-00022	0	5	5	12	14	17	20	11
2024HL-01277	5	0	4	11	13	16	19	10
2025HL-01501	5	4	0	9	11	14	17	8
2024HL-00758	12	11	9	0	4	13	16	7
2024HL-00755	14	13	11	4	0	15	18	9
2025HL-00012	17	16	14	13	15	0	21	12
2025HL-00125	20	19	17	16	18	21	0	15
2024HL-00697	11	10	8	7	9	12	15	0
