HAI WGS ID	2024HL-00994	2024DK-00371	2024GO-0413	2025HL-00131	2024HL-00965	2024HL-01070	2024HL-01282	2024HL-01281	2025HL-00150	2024HL-01276	2024DK-00238	2024HL-01005
2024HL-00994	0	7	7	3	2	2	11	12	5	6	3	3
2024DK-00371	7	0	12	8	7	7	16	17	10	11	8	8
2024GO-0413	7	12	0	8	7	7	16	17	10	11	8	8
2025HL-00131	3	8	8	0	1	1	10	11	4	5	2	2
2024HL-00965	2	7	7	1	0	0	9	10	3	4	1	1
2024HL-01070	2	7	7	1	0	0	9	10	3	4	1	1
2024HL-01282	11	16	16	10	9	9	0	13	10	11	8	8
2024HL-01281	12	17	17	11	10	10	13	0	11	12	9	9
2025HL-00150	5	10	10	4	3	3	10	11	0	5	2	2
2024HL-01276	6	11	11	5	4	4	11	12	5	0	3	3
2024DK-00238	3	8	8	2	1	1	8	9	2	3	0	0
2024HL-01005	3	8	8	2	1	1	8	9	2	3	0	0
