HAI_WGS_ID	2024BB-00028	2025HL-00118	2024BB-00135	2025QG-00021	2025EP-00029	2024EP-00398
2024BB-00028	0	26	24	26	21	31
2025HL-00118	26	0	34	36	31	41
2024BB-00135	24	34	0	34	29	39
2025QG-00021	26	36	34	0	25	35
2025EP-00029	21	31	29	25	0	30
2024EP-00398	31	41	39	35	30	0
