HAI WGS ID	2025HL-00091	2024HL-01297	2025HL-00087	2024HL-01111	2025HL-00092	2025HL-01508	2024HL-01218	2025HL-00186
2025HL-00091	0	8	10	7	7	17	22	23
2024HL-01297	8	0	4	1	1	11	16	17
2025HL-00087	10	4	0	3	3	13	18	19
2024HL-01111	7	1	3	0	0	10	15	16
2025HL-00092	7	1	3	0	0	10	15	16
2025HL-01508	17	11	13	10	10	0	19	20
2024HL-01218	22	16	18	15	15	19	0	17
2025HL-00186	23	17	19	16	16	20	17	0
