HAI WGS ID	2025ZN-0570	2025ZN-0584	2024ZN-0306	2024ZN-0145	2024QW-00238	2024QW-00166	2024ZN-0146	2024ZN-0295	2024ZN-0157
2025ZN-0570	0	4	12	40	40	35	33	33	33
2025ZN-0584	4	0	14	42	42	37	35	35	35
2024ZN-0306	12	14	0	32	32	27	25	25	25
2024ZN-0145	40	42	32	0	22	17	15	15	15
2024QW-00238	40	42	32	22	0	5	9	9	13
2024QW-00166	35	37	27	17	5	0	4	4	8
2024ZN-0146	33	35	25	15	9	4	0	2	6
2024ZN-0295	33	35	25	15	9	4	2	0	6
2024ZN-0157	33	35	25	15	13	8	6	6	0
