HAI WGS ID	2025HL-01489	2024DU-00077	2024BM-00184	2024BM-00193	2025HL-01509	2025DU-00115	2025HL-00126	2024BM-00010	2023GS-00061	2024HL-00562	2023GS-00055	2023GS-00081	2023GS-00037	2023GS-00017	2023GS-00070	2023GS-00117
2025HL-01489	0	0	13	13	18	19	18	21	24	27	29	28	27	31	32	27
2024DU-00077	0	0	13	13	18	19	18	21	24	27	29	28	27	31	32	27
2024BM-00184	13	13	0	2	9	10	9	12	15	18	20	19	18	22	23	18
2024BM-00193	13	13	2	0	9	10	9	12	15	18	20	19	18	22	23	18
2025HL-01509	18	18	9	9	0	15	14	17	20	23	25	24	23	27	28	23
2025DU-00115	19	19	10	10	15	0	1	16	19	22	24	23	22	26	27	22
2025HL-00126	18	18	9	9	14	1	0	15	18	21	23	22	21	25	26	21
2024BM-00010	21	21	12	12	17	16	15	0	5	8	10	9	8	12	13	8
2023GS-00061	24	24	15	15	20	19	18	5	0	7	9	8	7	11	12	7
2024HL-00562	27	27	18	18	23	22	21	8	7	0	10	9	8	12	13	8
2023GS-00055	29	29	20	20	25	24	23	10	9	10	0	7	8	12	13	8
2023GS-00081	28	28	19	19	24	23	22	9	8	9	7	0	7	11	12	7
2023GS-00037	27	27	18	18	23	22	21	8	7	8	8	7	0	10	11	6
2023GS-00017	31	31	22	22	27	26	25	12	11	12	12	11	10	0	7	10
2023GS-00070	32	32	23	23	28	27	26	13	12	13	13	12	11	7	0	11
2023GS-00117	27	27	18	18	23	22	21	8	7	8	8	7	6	10	11	0
