HAI WGS ID	2025QW-00094	2025QW-00064	2024QW-00218	2024QW-00220	2024QW-00135	2024QW-00087	2024QW-00147	2024QW-00131	2024QW-00043
2025QW-00094	0	4	3	3	32	31	26	22	20
2025QW-00064	4	0	5	5	34	33	28	24	22
2024QW-00218	3	5	0	2	31	30	25	21	19
2024QW-00220	3	5	2	0	31	30	25	21	19
2024QW-00135	32	34	31	31	0	7	36	32	30
2024QW-00087	31	33	30	30	7	0	35	31	29
2024QW-00147	26	28	25	25	36	35	0	10	24
2024QW-00131	22	24	21	21	32	31	10	0	20
2024QW-00043	20	22	19	19	30	29	24	20	0
